0	1.5116653442382812
1	1.5116653442382812
2	1.5116653442382812
3	1.5116653442382812
4	1.5116653442382812
5	1.5116653442382812
6	1.5116653442382812
7	1.5116653442382812
8	1.5116653442382812
9	1.5116653442382812
10	1.5116653442382812
11	1.5116653442382812
12	1.5116653442382812
13	1.5116653442382812
14	1.5116653442382812
15	1.5116653442382812
16	1.5116653442382812
17	1.5116653442382812
18	1.5116653442382812
19	1.5116653442382812
20	1.5116653442382812
21	1.5116653442382812
22	1.5116653442382812
23	1.5116653442382812
24	1.5116653442382812
25	1.5116653442382812
26	1.5116653442382812
27	1.5116653442382812
28	1.5116653442382812
29	1.5116653442382812
30	1.5116653442382812
31	1.5116653442382812
32	1.5116653442382812
33	1.5116653442382812
34	1.5116653442382812
35	1.5116653442382812
36	1.5116653442382812
37	1.5116653442382812
38	1.5116653442382812
39	1.5116653442382812
40	1.5116653442382812
41	1.5116653442382812
42	1.5116653442382812
43	1.5116653442382812
44	1.5116653442382812
45	1.5116653442382812
46	1.5116653442382812
47	1.5116653442382812
48	1.5116653442382812
49	1.5116653442382812
50	1.5116653442382812
51	1.5116653442382812
52	1.5116653442382812
53	1.5116653442382812
54	1.5116653442382812
55	1.5116653442382812
56	1.5116653442382812
57	1.5116653442382812
58	1.5116653442382812
59	1.5116653442382812
60	1.5116653442382812
61	1.5116653442382812
62	1.5116653442382812
63	1.5116653442382812
64	1.5116653442382812
65	1.5116653442382812
66	1.5116653442382812
67	1.5116653442382812
68	1.5116653442382812
69	1.5116653442382812
70	1.5116653442382812
71	1.5116653442382812
72	1.5116653442382812
73	1.5116653442382812
74	1.5116653442382812
75	1.5116653442382812
76	1.5116653442382812
77	1.5116653442382812
78	1.5116653442382812
79	1.5116653442382812
80	1.5116653442382812
81	1.5116653442382812
82	1.5116653442382812
83	1.5116653442382812
84	1.5116653442382812
85	1.5624585151672363
86	1.5854305028915403
87	1.6152607202529907
88	1.6152607202529907
89	1.6152607202529907
90	1.6152607202529907
91	1.6152607202529907
92	1.6152607202529907
93	1.6152607202529907
94	1.6152607202529907
95	1.6152607202529907
96	1.6152607202529907
97	1.6152607202529907
98	1.6152607202529907
99	1.6152607202529907
100	1.6152607202529907
101	1.6152607202529907
102	1.6152607202529907
103	1.6152607202529907
104	1.6152607202529907
105	3.501824140548706
106	3.532759428024292
107	3.532759428024292
108	3.532759428024292
109	3.532759428024292
110	3.8414812088012695
111	3.8414812088012695
112	3.8414812088012695
113	3.911953449249268
114	3.924057722091675
115	3.924057722091675
116	3.924057722091675
117	3.924057722091675
118	4.0822696685791025
119	4.1145992279052725
120	4.1145992279052725
121	4.162089824676514
122	4.198305130004884
123	4.20933198928833
124	4.234747409820557
125	4.255151271820068
126	4.432311534881592
127	4.482959270477295
128	4.545499324798584
129	4.545499324798584
130	4.705101013183594
131	4.777303695678711
132	4.8422889709472665
133	4.91636323928833
134	4.984858512878418
135	5.023292064666748
136	5.014317989349365
137	5.0083327293396
138	4.988934516906738
139	4.956058979034424
140	4.9500160217285165
141	4.9443931579589835
142	4.96356201171875
143	4.9634437561035165
144	4.980154514312744
145	4.996191024780273
146	4.986977577209473
147	4.9689908027648935
148	4.946900367736816
149	4.942863464355469
150	4.941893577575684
151	4.944252014160156
152	4.9328646659851065
153	4.93187952041626
154	4.934244155883789
155	4.954900741577148
156	4.95290470123291
157	4.955824375152588
158	4.955824375152588
159	4.955824375152588
160	4.970368385314941
161	4.9684410095214835
162	4.962038040161133
163	4.932876110076903
164	4.927426338195801
165	4.927426338195801
166	4.927426338195801
167	4.927426338195801
168	4.927426338195801
169	4.927426338195801
170	4.927426338195801
171	4.927426338195801
172	4.927426338195801
173	4.927426338195801
174	4.927426338195801
175	4.927426338195801
176	4.927426338195801
177	4.927426338195801
178	4.927426338195801
179	4.927426338195801
180	4.927426338195801
181	4.927426338195801
182	4.927426338195801
183	4.927426338195801
184	4.927426338195801
185	4.927426338195801
186	4.927426338195801
187	4.927426338195801
188	4.927426338195801
189	4.927426338195801
190	4.927426338195801
191	4.927426338195801
192	4.927426338195801
193	4.927426338195801
194	4.927426338195801
195	4.927426338195801
196	4.927426338195801
197	4.927426338195801
198	4.927426338195801
199	4.927426338195801
200	4.927426338195801
201	4.927426338195801
202	4.927426338195801
203	4.927426338195801
204	4.927426338195801
205	4.927426338195801
206	4.927426338195801
207	4.927426338195801
208	4.927426338195801
209	4.927426338195801
210	4.927426338195801
211	4.927426338195801
212	4.927426338195801
213	4.927426338195801
214	4.927426338195801
215	4.927426338195801
216	4.927426338195801
217	4.927426338195801
218	4.927426338195801
219	4.927426338195801
220	4.927426338195801
221	4.927426338195801
222	4.927426338195801
223	4.927426338195801
224	4.927426338195801
225	4.927426338195801
226	4.927426338195801
227	4.927426338195801
228	4.927426338195801
229	4.927426338195801
230	4.927426338195801
231	4.927426338195801
232	4.927426338195801
233	4.927426338195801
234	4.927426338195801
235	4.927426338195801
236	4.927426338195801
237	4.927426338195801
238	4.927426338195801
239	4.927426338195801
240	4.927426338195801
241	4.927426338195801
242	4.927426338195801
243	4.927426338195801
244	4.927426338195801
245	4.927426338195801
246	4.927426338195801
247	4.927426338195801
248	4.927426338195801
249	4.927426338195801
250	4.927426338195801
251	4.927426338195801
252	4.927426338195801
253	4.927426338195801
254	4.927426338195801
255	4.927426338195801
256	4.927426338195801
257	4.927426338195801
258	4.927426338195801
259	4.927426338195801
260	4.927426338195801
261	4.927426338195801
262	4.927426338195801
263	4.927426338195801
264	4.927426338195801
265	4.927426338195801
266	4.927426338195801
267	4.927426338195801
268	4.927426338195801
269	4.927426338195801
270	4.8321852684021
271	4.821883678436278
272	4.792856693267822
273	4.705997943878174
274	4.671980381011963
275	4.595016002655028
276	4.502661228179932
277	4.493910789489746
278	4.500187397003174
279	4.591280460357666
280	4.632197380065918
281	4.712885856628418
282	4.8064613342285165
283	4.849127769470215
284	4.867049694061278
285	4.892756938934326
286	4.899284362792969
287	4.895096778869629
288	4.8943443298339835
289	4.8962669372558585
290	4.890548706054688
291	4.860909461975098
292	4.845458984375
293	4.845458984375
294	4.819319248199463
295	4.809872627258301
296	4.793517589569092
297	4.7560391426086435
298	4.740791320800781
299	4.740791320800781
300	4.733108997344972
301	4.7265586853027335
302	4.722296714782715
303	4.7289652824401855
304	4.7380475997924805
305	4.748093128204347
306	4.7768235206604
307	4.783236503601074
308	4.795178413391113
309	4.795178413391113
310	4.795178413391113
311	4.813514709472656
312	4.813514709472656
313	4.813514709472656
314	4.813514709472656
315	4.813514709472656
316	4.813514709472656
317	4.813514709472656
318	4.813514709472656
319	4.813514709472656
320	4.813514709472656
321	4.813514709472656
322	4.813514709472656
323	4.813514709472656
324	4.813514709472656
325	4.813514709472656
326	4.813514709472656
327	4.813514709472656
328	4.813514709472656
329	4.813514709472656
330	4.813514709472656
331	4.813514709472656
332	4.813514709472656
333	4.813514709472656
334	4.813514709472656
335	4.813514709472656
336	4.813514709472656
337	4.813514709472656
338	4.813514709472656
339	4.813514709472656
340	4.813514709472656
341	4.813514709472656
342	4.813514709472656
343	4.813514709472656
344	4.813514709472656
345	4.813514709472656
346	4.813514709472656
347	4.813514709472656
348	4.795534610748291
349	4.800721168518066
350	4.817899703979492
351	4.832297801971436
352	4.8353848457336435
353	4.839600086212158
354	4.843799591064453
355	4.841830253601074
356	4.845032691955566
357	4.821486473083496
358	4.816223621368408
359	4.820825576782227
360	4.837460994720459
361	4.852838516235352
362	4.864532470703125
363	4.8706321716308585
364	4.878355979919434
365	4.884768486022949
366	4.887573719024658
367	4.887573719024658
368	4.887573719024658
369	4.887573719024658
370	4.887573719024658
371	4.887573719024658
372	4.887573719024658
373	4.887573719024658
374	4.887573719024658
375	4.887573719024658
376	4.887573719024658
377	4.887573719024658
378	4.887573719024658
379	4.887573719024658
380	4.887573719024658
381	4.887573719024658
382	4.887573719024658
383	4.887573719024658
384	4.887573719024658
385	4.887573719024658
386	4.887573719024658
387	4.887573719024658
388	4.874968528747559
389	4.897449493408203
390	4.911460876464844
391	4.935014724731445
392	4.957642078399658
393	4.967889785766602
394	4.975030899047852
395	4.956357955932617
396	4.951300144195557
397	4.930333614349365
398	4.914134502410889
399	4.925537109375
400	4.930676460266113
401	4.930676460266113
402	4.930676460266113
403	4.930676460266113
404	4.930676460266113
405	4.930676460266113
406	4.930676460266113
407	4.930676460266113
408	4.930676460266113
409	4.930676460266113
410	4.930676460266113
411	4.930676460266113
412	4.930676460266113
413	4.930676460266113
414	4.930676460266113
415	4.930676460266113
416	4.930676460266113
417	4.930676460266113
418	4.930676460266113
419	4.930676460266113
420	4.930676460266113
421	4.930676460266113
422	4.930676460266113
423	4.930676460266113
424	4.930676460266113
425	4.930676460266113
426	4.795670032501222
427	4.795670032501222
428	4.675929069519043
429	4.630088806152344
430	4.532661437988281
431	4.501713752746582
432	4.43173360824585
433	4.3108110427856445
434	4.273944854736328
435	4.2322654724121085
436	4.165026664733887
437	4.153708934783936
438	4.1128573417663565
439	4.0454864501953125
440	4.03377103805542
441	4.0230932235717765
442	4.037611007690431
443	4.037611007690431
444	4.037611007690431
445	4.037611007690431
446	4.037611007690431
447	4.037611007690431
448	4.037611007690431
449	4.037611007690431
450	4.037611007690431
451	4.037611007690431
452	4.037611007690431
453	4.037611007690431
454	4.037611007690431
455	4.037611007690431
456	4.037611007690431
457	4.037611007690431
458	4.037611007690431
459	4.037611007690431
460	4.037611007690431
461	4.037611007690431
462	4.037611007690431
463	4.037611007690431
464	4.037611007690431
465	4.037611007690431
466	4.037611007690431
467	4.037611007690431
468	4.037611007690431
469	4.037611007690431
470	1.7114742994308472
471	1.62791645526886
472	1.6030119657516482
473	1.569591403007507
474	1.557963252067566
475	1.5542323589324951
476	1.5764113664627075
477	1.6237248182296753
478	1.6237248182296753
479	1.6237248182296753
480	1.6237248182296753
481	1.6237248182296753
482	1.6237248182296753
483	1.6237248182296753
484	1.6237248182296753
485	1.6237248182296753
486	1.6237248182296753
487	1.6237248182296753
488	1.6237248182296753
489	1.6237248182296753
490	1.6237248182296753
491	1.6237248182296753
492	1.6237248182296753
493	1.6237248182296753
494	1.6237248182296753
495	1.6237248182296753
496	1.6237248182296753
497	1.6237248182296753
498	1.6237248182296753
499	1.6237248182296753
500	1.6237248182296753
501	1.6237248182296753
502	1.6237248182296753
503	1.6237248182296753
504	1.6237248182296753
505	1.6237248182296753
506	1.6237248182296753
507	1.6237248182296753
508	1.6237248182296753
509	1.6237248182296753
510	1.6237248182296753
511	1.6237248182296753
512	1.6237248182296753
513	1.6237248182296753
514	1.6237248182296753
515	1.6237248182296753
516	1.6237248182296753
517	1.6237248182296753
518	1.6237248182296753
519	1.6237248182296753
520	1.6237248182296753
521	1.6237248182296753
522	1.6237248182296753
523	1.6237248182296753
524	1.6237248182296753
525	1.6237248182296753
526	1.6237248182296753
527	1.6237248182296753
528	1.6237248182296753
529	1.6237248182296753
530	1.6237248182296753
531	1.6237248182296753
532	1.6237248182296753
533	1.6237248182296753
534	1.6237248182296753
535	1.6237248182296753
536	1.6237248182296753
537	1.6237248182296753
538	1.6237248182296753
539	1.6237248182296753
540	1.6237248182296753
541	1.6237248182296753
542	1.6237248182296753
543	1.6237248182296753
544	1.6237248182296753
545	1.6237248182296753
546	1.6237248182296753
547	1.6237248182296753
548	1.6237248182296753
549	1.6237248182296753
550	1.6237248182296753
551	1.6237248182296753
552	1.6237248182296753
553	1.6237248182296753
554	1.6237248182296753
555	1.6237248182296753
556	1.6237248182296753
557	1.6237248182296753
558	1.6237248182296753
559	1.6237248182296753
560	1.6237248182296753
561	1.6237248182296753
562	1.6237248182296753
563	1.6237248182296753
564	1.6237248182296753
565	1.6237248182296753
566	1.6237248182296753
567	1.6237248182296753
568	1.6237248182296753
569	1.6237248182296753
570	1.6237248182296753
571	1.6237248182296753
572	1.6237248182296753
573	1.6237248182296753
574	1.6237248182296753
575	1.6237248182296753
576	1.6237248182296753
577	1.6237248182296753
578	1.6237248182296753
579	1.6237248182296753
580	1.6237248182296753
581	1.6237248182296753
582	1.6237248182296753
583	1.6237248182296753
584	1.6237248182296753
585	1.6237248182296753
586	1.6237248182296753
587	1.6237248182296753
588	1.6237248182296753
589	1.6237248182296753
590	1.6237248182296753
591	1.6237248182296753
592	1.6237248182296753
593	1.6237248182296753
594	1.6237248182296753
595	1.6237248182296753
596	1.6237248182296753
597	1.6237248182296753
598	1.6237248182296753
599	1.6237248182296753
600	1.6237248182296753
601	1.6237248182296753
602	1.6237248182296753
603	1.6237248182296753
604	1.6237248182296753
605	1.6237248182296753
606	1.6237248182296753
607	1.6237248182296753
608	1.6237248182296753
609	1.6237248182296753
610	1.6237248182296753
611	1.6237248182296753
612	1.6237248182296753
613	1.6237248182296753
614	1.6237248182296753
615	1.6237248182296753
616	1.6237248182296753
617	1.6237248182296753
618	1.6237248182296753
619	1.6237248182296753
620	1.6237248182296753
621	1.6237248182296753
622	1.6237248182296753
623	1.6237248182296753
624	1.6237248182296753
625	1.6237248182296753
626	1.6237248182296753
627	1.6237248182296753
628	1.6237248182296753
629	1.6237248182296753
630	1.6237248182296753
631	1.6237248182296753
632	1.6237248182296753
633	1.6237248182296753
634	1.6237248182296753
635	1.6237248182296753
636	1.6237248182296753
637	1.6237248182296753
638	1.6237248182296753
639	1.6237248182296753
640	1.6237248182296753
641	1.6237248182296753
642	1.6237248182296753
643	1.6237248182296753
644	1.6237248182296753
645	1.6237248182296753
646	1.6237248182296753
647	1.6237248182296753
648	1.6237248182296753
649	1.6237248182296753
650	1.6237248182296753
651	1.6237248182296753
652	1.6237248182296753
653	1.6237248182296753
654	1.6237248182296753
655	1.6237248182296753
656	1.6237248182296753
657	1.6237248182296753
658	1.6237248182296753
659	1.6237248182296753
660	1.6237248182296753
661	1.6237248182296753
662	1.6237248182296753
663	1.6237248182296753
664	1.6237248182296753
665	1.6237248182296753
666	1.6237248182296753
667	1.6237248182296753
668	1.6237248182296753
669	1.6237248182296753
670	1.6237248182296753
671	1.6237248182296753
672	1.6237248182296753
673	1.6237248182296753
674	1.6237248182296753
675	1.6237248182296753
676	1.6237248182296753
677	1.6237248182296753
678	1.6237248182296753
679	1.6237248182296753
680	1.6237248182296753
681	1.6237248182296753
682	1.6237248182296753
683	1.6237248182296753
684	1.6237248182296753
685	1.6237248182296753
686	1.6237248182296753
687	1.6237248182296753
688	1.6237248182296753
689	1.6237248182296753
690	1.6237248182296753
691	1.6237248182296753
692	1.6237248182296753
693	1.6237248182296753
694	1.6237248182296753
695	1.6237248182296753
696	1.6237248182296753
697	1.6237248182296753
698	1.6237248182296753
699	1.6237248182296753
700	1.6237248182296753
701	1.6237248182296753
702	1.6237248182296753
703	1.6237248182296753
704	1.6237248182296753
705	1.6237248182296753
706	1.6237248182296753
707	1.6237248182296753
708	1.6237248182296753
709	1.6237248182296753
710	1.6237248182296753
711	1.6237248182296753
712	1.6237248182296753
713	1.6237248182296753
714	1.6237248182296753
715	1.6237248182296753
716	1.6237248182296753
717	1.6237248182296753
718	1.6237248182296753
719	1.6237248182296753
720	1.6237248182296753
721	1.6237248182296753
722	1.6237248182296753
723	1.6237248182296753
724	1.6237248182296753
725	1.6237248182296753
726	1.6237248182296753
727	1.6237248182296753
728	1.6237248182296753
729	1.6237248182296753
730	1.6237248182296753
731	1.6237248182296753
732	1.6237248182296753
733	1.6237248182296753
734	1.6237248182296753
735	1.6237248182296753
736	1.6237248182296753
737	1.6237248182296753
738	1.6237248182296753
739	1.6237248182296753
740	1.6237248182296753
741	1.6237248182296753
742	1.6237248182296753
743	1.6237248182296753
744	1.6237248182296753
745	1.6237248182296753
746	1.6237248182296753
747	1.6237248182296753
748	1.6237248182296753
749	1.6237248182296753
750	1.6237248182296753
751	1.6237248182296753
752	1.6237248182296753
753	1.6237248182296753
754	1.6237248182296753
755	1.6237248182296753
756	1.6237248182296753
757	1.6237248182296753
758	1.6237248182296753
759	1.6237248182296753
760	1.6237248182296753
761	1.6237248182296753
762	1.6237248182296753
763	1.6237248182296753
764	1.6237248182296753
765	1.6237248182296753
766	1.6237248182296753
767	1.6237248182296753
768	1.6237248182296753
769	1.6237248182296753
770	1.6237248182296753
771	1.6237248182296753
772	1.6237248182296753
773	1.6237248182296753
774	1.6237248182296753
775	1.6237248182296753
776	1.6237248182296753
777	1.6237248182296753
778	1.6237248182296753
779	1.6237248182296753
780	1.6237248182296753
781	1.6237248182296753
782	1.6237248182296753
783	1.6237248182296753
784	1.6237248182296753
785	1.6237248182296753
786	1.6237248182296753
787	1.6237248182296753
788	1.6237248182296753
789	1.6237248182296753
790	1.6237248182296753
791	1.6237248182296753
792	1.6237248182296753
793	1.6237248182296753
794	1.6237248182296753
795	1.6237248182296753
796	1.6237248182296753
797	1.6237248182296753
798	1.6237248182296753
799	1.6237248182296753
800	1.6237248182296753
801	1.6237248182296753
802	1.6237248182296753
803	1.6237248182296753
804	1.6237248182296753
805	1.598335027694702
806	1.615581512451172
807	1.615581512451172
808	1.615581512451172
809	1.615581512451172
810	1.615581512451172
811	1.615581512451172
812	1.615581512451172
813	1.615581512451172
814	1.615581512451172
815	1.615581512451172
816	1.615581512451172
817	2.561218738555908
818	2.6933574676513667
819	2.7696120738983154
820	2.81001091003418
821	2.81001091003418
822	2.81001091003418
823	2.81001091003418
824	2.81001091003418
825	3.2870867252349854
826	3.2870867252349854
827	3.2870867252349854
828	3.5495119094848637
829	3.5495119094848637
830	3.5495119094848637
831	3.5495119094848637
832	3.7495720386505127
833	3.7495720386505127
834	3.7495720386505127
835	3.7495720386505127
836	3.859740734100342
837	3.859740734100342
838	3.9021050930023193
839	3.9021050930023193
840	3.9021050930023193
841	3.9021050930023193
842	3.9021050930023193
843	3.9021050930023193
844	4.120835304260254
845	4.1295738220214835
846	4.1604342460632315
847	4.155911445617677
848	4.16085147857666
849	4.16085147857666
850	4.179199695587158
851	4.200213432312012
852	4.211665153503418
853	4.276268482208252
854	4.351099491119385
855	4.45510196685791
856	4.480849266052246
857	4.542397975921631
858	4.542397975921631
859	4.645637035369873
860	4.6647915840148935
861	4.688292026519775
862	4.68361759185791
863	4.684739589691162
864	4.691297054290772
865	4.677343368530273
866	4.677220344543457
867	4.652650356292725
868	4.644062042236328
869	4.633244037628174
870	4.615824222564697
871	4.6056742668151855
872	4.597954273223877
873	4.593650341033936
874	4.60308837890625
875	4.619495391845703
876	4.624754428863525
877	4.628899574279785
878	4.641969680786133
879	4.643970012664795
880	4.643970012664795
881	4.643970012664795
882	4.643970012664795
883	4.643970012664795
884	4.643970012664795
885	4.643970012664795
886	4.643970012664795
887	4.643970012664795
888	4.643970012664795
889	4.643970012664795
890	4.643970012664795
891	4.643970012664795
892	4.643970012664795
893	4.643970012664795
894	4.643970012664795
895	4.643970012664795
896	4.643970012664795
897	4.643970012664795
898	4.643970012664795
899	4.643970012664795
900	4.643970012664795
901	4.643970012664795
902	4.643970012664795
903	4.643970012664795
904	4.643970012664795
905	4.643970012664795
906	4.643970012664795
907	4.643970012664795
908	4.643970012664795
909	4.643970012664795
910	4.701272964477539
911	4.710258483886719
912	4.710258483886719
913	4.74996280670166
914	4.775547981262207
915	4.8128204345703125
916	4.827962875366211
917	4.857766151428223
918	4.907575607299805
919	4.922798156738281
920	4.947694778442383
921	4.961883068084717
922	4.950934886932373
923	4.949799060821533
924	4.935495376586914
925	4.930709362030028
926	4.930709362030028
927	4.92081356048584
928	4.9105567932128915
929	4.906604290008545
930	4.906604290008545
931	4.906604290008545
932	4.906604290008545
933	4.906604290008545
934	4.906604290008545
935	4.906604290008545
936	4.906604290008545
937	4.906604290008545
938	4.906604290008545
939	4.906604290008545
940	4.906604290008545
941	4.906604290008545
942	4.906604290008545
943	4.906604290008545
944	4.906604290008545
945	4.906604290008545
946	4.906604290008545
947	4.906604290008545
948	4.906604290008545
949	4.906604290008545
950	4.906604290008545
951	4.906604290008545
952	4.906604290008545
953	4.906604290008545
954	4.906604290008545
955	4.906604290008545
956	4.906604290008545
957	4.906604290008545
958	4.906604290008545
959	4.906604290008545
960	4.906604290008545
961	4.906604290008545
962	4.906604290008545
963	4.906604290008545
964	4.906604290008545
965	4.906604290008545
966	4.906604290008545
967	4.906604290008545
968	4.906604290008545
969	4.906604290008545
970	4.906604290008545
971	4.906604290008545
972	4.906604290008545
973	4.906604290008545
974	4.906604290008545
975	4.906604290008545
976	4.906604290008545
977	4.906604290008545
978	4.906604290008545
979	4.906604290008545
980	4.906604290008545
981	4.906604290008545
982	4.906604290008545
983	4.906604290008545
984	4.906604290008545
985	4.906604290008545
986	4.906604290008545
987	4.906604290008545
988	4.906604290008545
989	4.906604290008545
990	4.906604290008545
991	4.906604290008545
992	4.906604290008545
993	4.906604290008545
994	4.906604290008545
995	4.906604290008545
996	4.906604290008545
997	4.906604290008545
998	4.906604290008545
999	4.906604290008545
1000	4.906604290008545
1001	4.906604290008545
1002	4.906604290008545
1003	4.67235279083252
1004	4.633479118347168
1005	4.474082946777344
1006	4.343048572540283
1007	4.275534152984618
1008	4.134495258331299
1009	4.0644006729125985
1010	4.044235706329347
1011	4.044235706329347
1012	4.044235706329347
1013	4.044235706329347
1014	3.9647209644317623
1015	3.938588857650757
1016	3.938588857650757
1017	3.938588857650757
1018	3.938588857650757
1019	3.938588857650757
1020	3.938588857650757
1021	3.938588857650757
1022	3.938588857650757
1023	3.938588857650757
1024	3.938588857650757
1025	3.938588857650757
1026	3.938588857650757
1027	3.938588857650757
1028	3.938588857650757
1029	3.938588857650757
1030	3.938588857650757
1031	3.938588857650757
1032	3.938588857650757
1033	3.938588857650757
1034	3.938588857650757
1035	3.938588857650757
1036	3.938588857650757
1037	3.938588857650757
1038	3.938588857650757
1039	1.5716534852981567
1040	1.5547624826431274
1041	1.5285817384719849
1042	1.5407642126083374
1043	1.5506789684295654
1044	1.5588195323944092
1045	1.5743086338043213
1046	1.5743086338043213
1047	1.5743086338043213
1048	1.5743086338043213
1049	1.5743086338043213
1050	1.5743086338043213
1051	1.5743086338043213
1052	1.5743086338043213
1053	1.5743086338043213
1054	1.5743086338043213
1055	1.5743086338043213
1056	1.5743086338043213
1057	1.5743086338043213
1058	1.5743086338043213
1059	1.5743086338043213
1060	1.5743086338043213
1061	1.5743086338043213
1062	1.5743086338043213
1063	1.5743086338043213
1064	1.5743086338043213
1065	1.5743086338043213
1066	1.5743086338043213
1067	1.5743086338043213
1068	1.5743086338043213
1069	1.5743086338043213
1070	1.5743086338043213
1071	1.5743086338043213
1072	1.5743086338043213
1073	1.5743086338043213
1074	1.5743086338043213
1075	1.5743086338043213
1076	1.5743086338043213
1077	1.5743086338043213
1078	1.5743086338043213
1079	1.5743086338043213
1080	1.5743086338043213
1081	1.5743086338043213
1082	1.5743086338043213
1083	1.5743086338043213
1084	1.5743086338043213
1085	1.5743086338043213
1086	1.5743086338043213
1087	1.5743086338043213
1088	1.5743086338043213
1089	1.5743086338043213
1090	1.5743086338043213
1091	1.5743086338043213
1092	1.5743086338043213
1093	1.5743086338043213
1094	1.5743086338043213
1095	1.5743086338043213
1096	1.5743086338043213
1097	1.5743086338043213
1098	1.5743086338043213
1099	1.5743086338043213
1100	1.5743086338043213
1101	1.5743086338043213
1102	1.5743086338043213
1103	1.5743086338043213
1104	1.5743086338043213
1105	1.5743086338043213
1106	1.5743086338043213
1107	1.5743086338043213
1108	1.5743086338043213
1109	1.5743086338043213
1110	1.5743086338043213
1111	1.5743086338043213
1112	1.5743086338043213
1113	1.5743086338043213
1114	1.5743086338043213
1115	1.5743086338043213
1116	1.5743086338043213
1117	1.5743086338043213
1118	1.5743086338043213
1119	1.5743086338043213
1120	1.5743086338043213
1121	1.5743086338043213
1122	1.5743086338043213
1123	1.5743086338043213
1124	1.5743086338043213
1125	1.5743086338043213
1126	1.5743086338043213
1127	1.5743086338043213
1128	1.5743086338043213
1129	1.5743086338043213
1130	1.5743086338043213
1131	1.5743086338043213
1132	1.5743086338043213
1133	1.5743086338043213
1134	1.5743086338043213
1135	1.5743086338043213
1136	1.5743086338043213
1137	1.5743086338043213
1138	1.5743086338043213
1139	1.5743086338043213
1140	1.5743086338043213
1141	1.5743086338043213
1142	1.5743086338043213
1143	1.5743086338043213
1144	1.5743086338043213
1145	1.5743086338043213
1146	1.5743086338043213
1147	1.5743086338043213
1148	1.5743086338043213
1149	1.5743086338043213
1150	1.5743086338043213
1151	1.5743086338043213
1152	1.5743086338043213
1153	1.5743086338043213
1154	1.5743086338043213
1155	1.5743086338043213
1156	1.5743086338043213
1157	1.5743086338043213
1158	1.5743086338043213
1159	1.5743086338043213
1160	1.5743086338043213
1161	1.5743086338043213
1162	1.5743086338043213
1163	1.5743086338043213
1164	1.5743086338043213
1165	1.5743086338043213
1166	1.5743086338043213
1167	1.5743086338043213
1168	1.5743086338043213
1169	1.5743086338043213
1170	1.5743086338043213
1171	1.5743086338043213
1172	1.5743086338043213
1173	1.5743086338043213
1174	1.5743086338043213
1175	1.5743086338043213
1176	1.5743086338043213
1177	1.5743086338043213
1178	1.5743086338043213
1179	1.5743086338043213
1180	1.5743086338043213
1181	1.5743086338043213
1182	1.5743086338043213
1183	1.5743086338043213
1184	1.5743086338043213
1185	1.5743086338043213
1186	1.5743086338043213
1187	1.5743086338043213
1188	1.5743086338043213
1189	1.5743086338043213
1190	1.5743086338043213
1191	1.5743086338043213
1192	1.5743086338043213
1193	1.5743086338043213
1194	1.5743086338043213
1195	1.5743086338043213
1196	1.5743086338043213
1197	1.5743086338043213
1198	1.5743086338043213
1199	1.5743086338043213
1200	1.5743086338043213
1201	1.5743086338043213
1202	1.5743086338043213
1203	1.5743086338043213
1204	1.5743086338043213
1205	1.5743086338043213
1206	1.5743086338043213
1207	1.5743086338043213
1208	1.5743086338043213
1209	1.5743086338043213
1210	1.5743086338043213
1211	1.5743086338043213
1212	1.5743086338043213
1213	1.5743086338043213
1214	1.5743086338043213
1215	1.5743086338043213
1216	1.5743086338043213
1217	1.5743086338043213
1218	1.5743086338043213
1219	1.5743086338043213
1220	1.5743086338043213
1221	1.5743086338043213
1222	1.5743086338043213
1223	1.5743086338043213
1224	1.5743086338043213
1225	1.5743086338043213
1226	1.5743086338043213
1227	1.5743086338043213
1228	1.5743086338043213
1229	1.5743086338043213
1230	1.5743086338043213
1231	1.5743086338043213
1232	1.5743086338043213
1233	1.5743086338043213
1234	1.5743086338043213
1235	1.5743086338043213
1236	1.5743086338043213
1237	1.5743086338043213
1238	1.5743086338043213
1239	1.5743086338043213
1240	1.5743086338043213
1241	1.5743086338043213
1242	1.5743086338043213
1243	1.5743086338043213
1244	1.5743086338043213
1245	2.303130388259888
1246	2.303130388259888
1247	2.303130388259888
1248	2.303130388259888
1249	2.303130388259888
1250	2.303130388259888
1251	2.808029890060425
1252	2.808029890060425
1253	2.808029890060425
1254	2.808029890060425
1255	2.808029890060425
1256	3.2780070304870605
1257	3.375588178634644
1258	3.375588178634644
1259	3.5805985927581787
1260	3.6557521820068364
1261	3.6557521820068364
1262	3.6557521820068364
1263	3.8080735206604
1264	3.8080735206604
1265	3.9254260063171382
1266	3.9254260063171382
1267	4.004584312438965
1268	4.004584312438965
1269	4.004584312438965
1270	4.004584312438965
1271	4.004584312438965
1272	4.004584312438965
1273	4.004584312438965
1274	4.004584312438965
1275	4.004584312438965
1276	4.165863990783691
1277	4.165863990783691
1278	4.165863990783691
1279	4.165863990783691
1280	4.165863990783691
1281	4.165863990783691
1282	4.165863990783691
1283	4.165863990783691
1284	4.165863990783691
1285	4.276448249816895
1286	4.2906508445739755
1287	4.297850608825684
1288	4.3628506660461435
1289	4.451231002807617
1290	4.500399589538574
1291	4.649270057678223
1292	4.7279438972473145
1293	4.829339981079102
1294	4.856093406677246
1295	4.895352840423584
1296	4.958106994628906
1297	4.970368385314941
1298	4.980936050415039
1299	4.960410118103027
1300	4.950379848480225
1301	4.923508167266847
1302	4.901721477508545
1303	4.896098613739014
1304	4.911854267120361
1305	4.934810161590576
1306	4.935725688934326
1307	4.933344841003418
1308	4.934606075286865
1309	4.93459939956665
1310	4.9324002265930185
1311	4.936318874359131
1312	4.92974328994751
1313	4.921913146972656
1314	4.9083571434021
1315	4.9077677726745605
1316	4.902990818023682
1317	4.890786647796631
1318	4.886283874511719
1319	4.886283874511719
1320	4.886283874511719
1321	4.886283874511719
1322	4.886283874511719
1323	4.886283874511719
1324	4.886283874511719
1325	4.886283874511719
1326	4.886283874511719
1327	4.886283874511719
1328	4.886283874511719
1329	4.886283874511719
1330	4.886283874511719
1331	4.886283874511719
1332	4.886283874511719
1333	4.886283874511719
1334	4.886283874511719
1335	4.886283874511719
1336	4.886283874511719
1337	4.886283874511719
1338	4.886283874511719
1339	4.886283874511719
1340	4.886283874511719
1341	4.886283874511719
1342	4.886283874511719
1343	4.886283874511719
1344	4.886283874511719
1345	4.886283874511719
1346	4.886283874511719
1347	4.886283874511719
1348	4.886283874511719
1349	4.886283874511719
1350	4.886283874511719
1351	4.886283874511719
1352	4.886283874511719
1353	4.886283874511719
1354	4.886283874511719
1355	4.886283874511719
1356	4.886283874511719
1357	4.886283874511719
1358	4.886283874511719
1359	4.886283874511719
1360	4.886283874511719
1361	4.886283874511719
1362	4.886283874511719
1363	4.886283874511719
1364	4.886283874511719
1365	4.886283874511719
1366	4.886283874511719
1367	4.886283874511719
1368	4.886283874511719
1369	4.886283874511719
1370	4.886283874511719
1371	4.886283874511719
1372	4.886283874511719
1373	4.886283874511719
1374	4.886283874511719
1375	4.886283874511719
1376	4.886283874511719
1377	4.886283874511719
1378	4.886283874511719
1379	4.886283874511719
1380	4.886283874511719
1381	4.886283874511719
1382	4.886283874511719
1383	4.886283874511719
1384	4.886283874511719
1385	4.886283874511719
1386	4.886283874511719
1387	4.886283874511719
1388	4.886283874511719
1389	4.886283874511719
1390	4.886283874511719
1391	4.886283874511719
1392	4.886283874511719
1393	4.886283874511719
1394	4.886283874511719
1395	4.886283874511719
1396	4.886283874511719
1397	4.886283874511719
1398	4.886283874511719
1399	4.886283874511719
1400	4.886283874511719
1401	4.886283874511719
1402	4.886283874511719
1403	4.886283874511719
1404	4.886283874511719
1405	4.886283874511719
1406	4.886283874511719
1407	4.886283874511719
1408	4.886283874511719
1409	4.886283874511719
1410	4.886283874511719
1411	4.886283874511719
1412	4.886283874511719
1413	4.886283874511719
1414	4.886283874511719
1415	4.886283874511719
1416	4.886283874511719
1417	4.886283874511719
1418	4.886283874511719
1419	4.886283874511719
1420	4.886283874511719
1421	4.886283874511719
1422	4.886283874511719
1423	4.886283874511719
1424	4.886283874511719
1425	4.886283874511719
1426	4.886283874511719
1427	4.886283874511719
1428	4.886283874511719
1429	4.886283874511719
1430	4.886283874511719
1431	4.886283874511719
1432	4.886283874511719
1433	4.886283874511719
1434	4.886283874511719
1435	4.886283874511719
1436	4.886283874511719
1437	4.670836925506592
1438	4.586409568786621
1439	4.586409568786621
1440	4.3862695693969735
1441	4.292900562286377
1442	4.2486228942871085
1443	4.1592745780944815
1444	4.1382174491882315
1445	4.1382174491882315
1446	4.1382174491882315
1447	4.1382174491882315
1448	4.1382174491882315
1449	4.1382174491882315
1450	4.045714855194092
1451	4.045714855194092
1452	4.045714855194092
1453	4.045714855194092
1454	3.795930147171021
1455	3.795930147171021
1456	3.795930147171021
1457	3.795930147171021
1458	3.795930147171021
1459	3.795930147171021
1460	3.795930147171021
1461	3.795930147171021
1462	3.795930147171021
1463	3.795930147171021
1464	3.795930147171021
1465	3.795930147171021
1466	3.795930147171021
1467	3.795930147171021
1468	3.795930147171021
1469	3.795930147171021
1470	3.795930147171021
1471	3.795930147171021
1472	3.795930147171021
1473	3.795930147171021
1474	3.795930147171021
1475	3.795930147171021
1476	3.795930147171021
1477	3.795930147171021
1478	1.6160792112350464
1479	1.583271026611328
1480	1.5338633060455322
1481	1.5726804733276367
1482	1.57944917678833
1483	1.5963765382766724
1484	1.61704683303833
1485	1.6395142078399658
1486	1.6395142078399658
1487	1.6395142078399658
1488	1.6395142078399658
1489	1.6395142078399658
1490	1.6395142078399658
1491	1.6395142078399658
1492	1.6395142078399658
1493	1.6395142078399658
1494	1.6395142078399658
1495	1.6395142078399658
1496	1.6395142078399658
1497	1.6395142078399658
1498	1.6395142078399658
1499	1.6395142078399658
1500	1.6395142078399658
1501	1.6395142078399658
1502	1.6395142078399658
1503	1.6395142078399658
1504	1.6395142078399658
1505	1.6395142078399658
1506	1.6395142078399658
1507	1.6395142078399658
1508	1.6395142078399658
1509	1.6395142078399658
1510	1.6395142078399658
1511	1.6395142078399658
1512	1.6395142078399658
1513	1.6395142078399658
1514	1.6395142078399658
1515	1.6395142078399658
1516	1.6395142078399658
1517	1.6395142078399658
1518	1.6395142078399658
1519	1.6395142078399658
1520	1.6395142078399658
1521	1.6395142078399658
1522	1.6395142078399658
1523	1.6395142078399658
1524	1.6395142078399658
1525	1.6395142078399658
1526	1.6395142078399658
1527	1.6395142078399658
1528	1.6395142078399658
1529	1.6395142078399658
1530	1.6395142078399658
1531	1.6395142078399658
1532	1.6395142078399658
1533	1.6395142078399658
1534	1.6395142078399658
1535	1.6395142078399658
1536	1.6395142078399658
1537	1.6395142078399658
1538	1.6395142078399658
1539	1.6395142078399658
1540	1.6395142078399658
1541	1.6395142078399658
1542	1.6395142078399658
1543	1.6395142078399658
1544	1.6395142078399658
1545	1.6395142078399658
1546	1.6395142078399658
1547	1.6395142078399658
1548	1.6395142078399658
1549	1.6395142078399658
1550	1.6395142078399658
1551	1.6395142078399658
1552	1.6395142078399658
1553	1.6395142078399658
1554	1.6395142078399658
1555	1.6395142078399658
1556	1.6395142078399658
1557	1.6395142078399658
1558	1.6395142078399658
1559	1.6395142078399658
1560	1.6395142078399658
1561	1.6395142078399658
1562	1.6395142078399658
1563	1.6395142078399658
1564	1.6395142078399658
1565	1.6395142078399658
1566	1.6395142078399658
1567	1.6395142078399658
1568	1.6395142078399658
1569	1.6395142078399658
1570	1.6395142078399658
1571	1.6395142078399658
1572	1.6395142078399658
1573	1.6395142078399658
1574	1.6395142078399658
1575	1.6395142078399658
1576	1.6395142078399658
1577	1.6395142078399658
1578	1.6395142078399658
1579	1.6395142078399658
1580	1.6395142078399658
1581	1.6395142078399658
1582	1.6395142078399658
1583	1.6395142078399658
1584	1.6395142078399658
1585	1.6395142078399658
1586	1.6395142078399658
1587	1.6395142078399658
1588	1.6395142078399658
1589	1.6395142078399658
1590	1.6395142078399658
1591	1.6395142078399658
1592	1.6395142078399658
1593	1.6395142078399658
1594	1.6395142078399658
1595	1.6395142078399658
1596	1.6395142078399658
1597	1.6395142078399658
1598	1.6395142078399658
1599	1.6395142078399658
1600	1.6395142078399658
1601	1.6395142078399658
1602	1.6395142078399658
1603	1.6395142078399658
1604	1.6395142078399658
1605	1.6395142078399658
1606	1.6395142078399658
1607	1.6395142078399658
1608	1.6395142078399658
1609	1.6395142078399658
1610	1.6395142078399658
1611	1.6395142078399658
1612	1.6395142078399658
1613	1.6395142078399658
1614	1.6395142078399658
1615	1.6395142078399658
1616	1.6395142078399658
1617	1.6395142078399658
1618	1.6395142078399658
1619	1.6395142078399658
1620	1.6395142078399658
1621	1.6395142078399658
1622	1.6395142078399658
1623	1.6395142078399658
1624	1.6395142078399658
1625	1.6395142078399658
1626	1.6395142078399658
1627	1.6395142078399658
1628	1.6395142078399658
1629	1.6395142078399658
1630	1.6395142078399658
1631	1.6395142078399658
1632	1.6395142078399658
1633	1.6395142078399658
1634	1.6395142078399658
1635	1.6395142078399658
1636	1.6395142078399658
1637	1.6395142078399658
1638	1.6395142078399658
1639	1.6395142078399658
1640	1.6395142078399658
1641	1.6395142078399658
1642	1.6395142078399658
1643	1.6395142078399658
1644	1.6395142078399658
1645	1.6395142078399658
1646	1.6395142078399658
1647	1.6395142078399658
1648	1.6395142078399658
1649	1.6395142078399658
1650	1.6395142078399658
1651	1.6395142078399658
1652	1.6395142078399658
1653	1.6395142078399658
1654	1.6395142078399658
1655	1.6395142078399658
1656	1.6395142078399658
1657	1.6395142078399658
1658	1.6395142078399658
1659	1.6395142078399658
1660	1.6395142078399658
1661	1.6395142078399658
1662	1.6395142078399658
1663	1.6395142078399658
1664	1.6395142078399658
1665	1.6395142078399658
1666	1.6395142078399658
1667	1.6395142078399658
1668	1.6395142078399658
1669	1.6395142078399658
1670	1.6395142078399658
1671	1.6395142078399658
1672	1.6395142078399658
1673	1.6395142078399658
1674	1.6395142078399658
1675	1.6395142078399658
1676	1.6395142078399658
1677	1.6395142078399658
1678	1.6395142078399658
1679	1.6395142078399658
1680	1.6395142078399658
1681	1.6395142078399658
1682	1.6395142078399658
1683	1.6395142078399658
1684	1.6395142078399658
1685	1.6395142078399658
1686	1.6395142078399658
1687	1.6395142078399658
1688	1.6395142078399658
1689	1.6395142078399658
1690	1.6395142078399658
1691	1.6395142078399658
1692	1.6395142078399658
1693	1.6395142078399658
1694	1.6395142078399658
1695	1.6395142078399658
1696	1.6395142078399658
1697	1.6395142078399658
1698	1.6395142078399658
1699	1.6395142078399658
1700	1.6395142078399658
1701	1.6395142078399658
1702	1.6395142078399658
1703	1.6395142078399658
1704	1.6395142078399658
1705	1.6395142078399658
1706	1.6395142078399658
1707	1.6395142078399658
1708	1.6395142078399658
1709	1.6395142078399658
1710	1.6395142078399658
1711	1.6395142078399658
1712	1.6395142078399658
1713	1.6395142078399658
1714	1.6395142078399658
1715	1.6395142078399658
1716	1.6395142078399658
1717	1.6395142078399658
1718	1.6395142078399658
1719	1.6395142078399658
1720	1.6395142078399658
1721	1.6395142078399658
1722	1.6395142078399658
1723	1.6395142078399658
1724	1.6395142078399658
1725	1.6395142078399658
1726	1.6395142078399658
1727	1.6395142078399658
1728	1.6395142078399658
1729	1.6395142078399658
1730	1.6395142078399658
1731	1.6395142078399658
1732	1.6395142078399658
1733	1.6395142078399658
1734	1.6395142078399658
1735	1.6395142078399658
1736	1.6395142078399658
1737	1.6395142078399658
1738	1.6395142078399658
1739	1.6395142078399658
1740	1.6395142078399658
1741	1.6395142078399658
1742	1.6395142078399658
1743	1.6395142078399658
1744	1.6395142078399658
1745	1.6395142078399658
1746	1.6395142078399658
1747	1.6395142078399658
1748	1.6395142078399658
1749	1.6395142078399658
1750	1.6395142078399658
1751	1.6395142078399658
1752	1.6395142078399658
1753	1.6395142078399658
1754	1.6395142078399658
1755	1.6395142078399658
1756	1.6395142078399658
1757	1.6395142078399658
1758	1.6395142078399658
1759	1.6395142078399658
1760	1.6395142078399658
1761	1.6395142078399658
1762	1.6395142078399658
1763	1.6395142078399658
1764	1.6395142078399658
1765	1.6395142078399658
1766	1.6395142078399658
1767	1.6395142078399658
1768	1.6395142078399658
1769	1.6395142078399658
1770	1.6395142078399658
1771	1.6395142078399658
1772	1.6395142078399658
1773	1.6395142078399658
1774	1.6395142078399658
1775	1.6395142078399658
1776	1.6395142078399658
1777	1.6395142078399658
1778	1.6395142078399658
1779	1.6395142078399658
1780	1.6395142078399658
1781	1.6395142078399658
1782	1.6395142078399658
1783	1.6395142078399658
1784	1.6395142078399658
1785	1.6395142078399658
1786	1.6395142078399658
1787	1.6395142078399658
1788	1.6395142078399658
1789	1.6395142078399658
1790	1.6395142078399658
1791	1.6395142078399658
1792	1.6395142078399658
1793	1.6395142078399658
1794	1.6395142078399658
1795	1.6395142078399658
1796	1.6395142078399658
1797	1.6395142078399658
1798	1.6395142078399658
1799	1.6395142078399658
1800	1.6395142078399658
1801	1.6395142078399658
1802	1.6395142078399658
1803	1.6395142078399658
1804	1.6395142078399658
1805	1.6395142078399658
1806	1.6395142078399658
1807	1.6395142078399658
1808	1.6395142078399658
1809	1.6395142078399658
1810	1.6395142078399658
1811	1.6395142078399658
1812	1.6395142078399658
1813	1.6395142078399658
1814	1.6395142078399658
1815	1.6395142078399658
1816	1.6395142078399658
1817	1.6395142078399658
1818	1.6395142078399658
1819	1.6395142078399658
1820	1.6395142078399658
1821	1.6395142078399658
1822	1.6395142078399658
1823	1.6395142078399658
1824	1.6395142078399658
1825	1.6395142078399658
1826	1.6395142078399658
1827	1.6395142078399658
1828	1.6395142078399658
1829	1.6395142078399658
1830	1.6395142078399658
1831	1.6395142078399658
1832	1.6395142078399658
1833	1.6395142078399658
1834	1.6395142078399658
1835	1.6395142078399658
1836	1.6395142078399658
1837	1.6395142078399658
1838	1.6395142078399658
1839	1.6395142078399658
1840	1.6395142078399658
1841	1.6395142078399658
1842	1.6395142078399658
1843	1.6395142078399658
1844	1.6395142078399658
1845	1.6395142078399658
1846	1.6395142078399658
1847	1.6395142078399658
1848	1.6395142078399658
1849	1.6395142078399658
1850	1.6395142078399658
1851	1.6395142078399658
1852	1.6395142078399658
1853	1.6395142078399658
1854	1.6395142078399658
1855	1.6395142078399658
1856	1.6395142078399658
1857	1.6395142078399658
1858	1.6395142078399658
1859	1.6395142078399658
1860	1.6395142078399658
1861	1.6395142078399658
1862	1.6395142078399658
1863	1.6395142078399658
1864	1.6395142078399658
1865	1.6395142078399658
1866	1.6395142078399658
1867	1.6395142078399658
1868	1.6395142078399658
1869	1.6395142078399658
1870	1.6395142078399658
1871	1.6395142078399658
1872	1.6395142078399658
1873	1.6395142078399658
1874	1.6395142078399658
1875	1.6395142078399658
1876	1.6395142078399658
1877	1.6395142078399658
1878	1.6395142078399658
1879	1.6395142078399658
1880	1.6395142078399658
1881	1.6395142078399658
1882	1.6395142078399658
1883	1.6395142078399658
1884	1.6395142078399658
1885	1.6395142078399658
1886	1.6395142078399658
1887	1.6395142078399658
1888	1.6395142078399658
1889	1.6395142078399658
1890	1.6395142078399658
1891	1.6395142078399658
1892	1.6395142078399658
1893	1.6395142078399658
1894	1.6395142078399658
1895	1.6395142078399658
1896	1.6395142078399658
1897	1.6395142078399658
1898	1.6395142078399658
1899	1.6395142078399658
1900	1.6395142078399658
1901	1.6395142078399658
1902	1.6395142078399658
1903	1.6395142078399658
1904	1.6395142078399658
1905	1.6395142078399658
1906	1.6395142078399658
1907	1.6395142078399658
1908	1.6395142078399658
1909	1.6395142078399658
1910	1.6395142078399658
1911	1.6395142078399658
1912	1.6395142078399658
1913	1.6395142078399658
1914	1.6395142078399658
1915	1.6395142078399658
1916	1.6395142078399658
1917	1.6395142078399658
1918	1.6395142078399658
1919	1.6395142078399658
1920	1.6395142078399658
1921	1.6395142078399658
1922	1.6395142078399658
1923	1.6395142078399658
1924	1.6395142078399658
1925	1.6395142078399658
1926	1.6395142078399658
1927	1.6395142078399658
1928	1.6395142078399658
1929	1.6395142078399658
1930	1.6395142078399658
1931	1.6395142078399658
1932	1.6395142078399658
1933	1.6395142078399658
1934	1.6395142078399658
1935	1.6395142078399658
1936	1.547061324119568
1937	1.547061324119568
1938	1.547061324119568
1939	1.7430014610290527
1940	1.7430014610290527
1941	1.7430014610290527
1942	1.7430014610290527
1943	1.7430014610290527
1944	1.7430014610290527
1945	1.7430014610290527
1946	1.7430014610290527
1947	1.7430014610290527
1948	1.7430014610290527
1949	1.7430014610290527
1950	2.8931307792663574
1951	2.8931307792663574
1952	2.8931307792663574
1953	2.8931307792663574
1954	3.2162957191467285
1955	3.2550415992736816
1956	3.2550415992736816
1957	3.3877685070037837
1958	3.412146806716919
1959	3.412146806716919
1960	3.412146806716919
1961	3.412146806716919
1962	3.412146806716919
1963	3.412146806716919
1964	3.412146806716919
1965	3.80944299697876
1966	3.80944299697876
1967	3.8647825717926025
1968	3.9357814788818364
1969	3.979492664337158
1970	4.0998501777648935
1971	4.166670799255371
1972	4.2134432792663565
1973	4.2134432792663565
1974	4.309627056121826
1975	4.337602615356444
1976	4.348083972930908
1977	4.312262058258057
1978	4.295782566070557
1979	4.328223705291748
1980	4.3188958168029785
1981	4.302744388580321
1982	4.303781986236571
1983	4.291054248809815
1984	4.295531749725342
1985	4.288783550262451
1986	4.292794704437257
1987	4.296259880065918
1988	4.2893595695495605
1989	4.294053554534912
1990	4.298047065734863
1991	4.320646286010741
1992	4.307003974914552
1993	4.325788497924806
1994	4.3444557189941415
1995	4.347872734069823
1996	4.337104797363281
1997	4.337104797363281
1998	4.337104797363281
1999	4.3388147354125985
2000	4.321019649505615
2001	4.3048739433288565
2002	4.289433002471924
2003	4.303620338439941
2004	4.303620338439941
2005	4.303620338439941
2006	4.303620338439941
2007	4.303620338439941
2008	4.303620338439941
2009	4.303620338439941
2010	4.303620338439941
2011	4.303620338439941
2012	4.303620338439941
2013	4.303620338439941
2014	4.303620338439941
2015	4.303620338439941
2016	4.303620338439941
2017	4.303620338439941
2018	4.303620338439941
2019	4.303620338439941
2020	4.303620338439941
2021	4.303620338439941
2022	4.303620338439941
2023	4.303620338439941
2024	4.303620338439941
2025	4.303620338439941
2026	4.303620338439941
2027	4.303620338439941
2028	4.303620338439941
2029	4.303620338439941
2030	4.303620338439941
2031	4.303620338439941
2032	4.303620338439941
2033	4.303620338439941
2034	4.303620338439941
2035	4.303620338439941
2036	4.303620338439941
2037	4.303620338439941
2038	4.303620338439941
2039	4.303620338439941
2040	4.303620338439941
2041	4.303620338439941
2042	4.303620338439941
2043	4.303620338439941
2044	4.303620338439941
2045	4.303620338439941
2046	4.303620338439941
2047	4.303620338439941
2048	4.303620338439941
2049	4.303620338439941
2050	4.303620338439941
2051	4.303620338439941
2052	4.303620338439941
2053	4.303620338439941
2054	4.303620338439941
2055	4.303620338439941
2056	4.303620338439941
2057	4.303620338439941
2058	4.303620338439941
2059	4.303620338439941
2060	4.303620338439941
2061	4.296368598937988
2062	4.289767265319823
2063	4.2693090438842765
2064	4.249801158905028
2065	4.233452320098877
2066	4.2020840644836435
2067	4.237269878387451
2068	4.235738277435304
2069	4.235738277435304
2070	4.304666996002196
2071	4.327393531799316
2072	4.336392402648927
2073	4.316927909851073
2074	4.289654731750488
2075	4.291108131408691
2076	4.289226055145264
2077	4.296149253845215
2078	4.3120641708374015
2079	4.315272808074951
2080	4.305312633514403
2081	4.3081016540527335
2082	4.3110671043396005
2083	4.3110671043396005
2084	4.3110671043396005
2085	4.3110671043396005
2086	4.3110671043396005
2087	4.3110671043396005
2088	4.3110671043396005
2089	4.3110671043396005
2090	4.3110671043396005
2091	4.3110671043396005
2092	4.3110671043396005
2093	4.3110671043396005
2094	4.3110671043396005
2095	4.3110671043396005
2096	4.3110671043396005
2097	4.3110671043396005
2098	4.3110671043396005
2099	4.3110671043396005
2100	4.3110671043396005
2101	4.3110671043396005
2102	4.3110671043396005
2103	4.3110671043396005
2104	4.3110671043396005
2105	4.3110671043396005
2106	4.3110671043396005
2107	4.3110671043396005
2108	4.3110671043396005
2109	4.3110671043396005
2110	4.3110671043396005
2111	4.3110671043396005
2112	4.3110671043396005
2113	4.3110671043396005
2114	4.3110671043396005
2115	4.3110671043396005
2116	4.3110671043396005
2117	4.3110671043396005
2118	4.3110671043396005
2119	4.3110671043396005
2120	4.3110671043396005
2121	4.3110671043396005
2122	4.3110671043396005
2123	4.3110671043396005
2124	4.3110671043396005
2125	4.3110671043396005
2126	4.3110671043396005
2127	4.3110671043396005
2128	4.3110671043396005
2129	4.3110671043396005
2130	4.3110671043396005
2131	4.3110671043396005
2132	4.3110671043396005
2133	4.3110671043396005
2134	4.3110671043396005
2135	4.3110671043396005
2136	4.3110671043396005
2137	4.3110671043396005
2138	4.3110671043396005
2139	4.3110671043396005
2140	4.3110671043396005
2141	4.3110671043396005
2142	4.3110671043396005
2143	4.3110671043396005
2144	4.3110671043396005
2145	4.3110671043396005
2146	4.3110671043396005
2147	4.3110671043396005
2148	4.3110671043396005
2149	4.3110671043396005
2150	4.3110671043396005
2151	4.3110671043396005
2152	4.3110671043396005
2153	4.3110671043396005
2154	4.3110671043396005
2155	4.3110671043396005
2156	4.3110671043396005
2157	4.3110671043396005
2158	0.0
2159	0.0
2160	0.0
2161	0.0
2162	0.0
2163	0.0
2164	0.0
2165	0.0
2166	0.0
2167	0.0
2168	0.0
2169	0.0
2170	0.0
2171	0.0
2172	0.0
2173	0.0
2174	0.0
2175	0.0
2176	0.0
2177	0.0
2178	0.0
2179	0.0
2180	0.0
2181	0.0
2182	0.0
2183	0.0
2184	0.0
2185	0.0
2186	0.0
2187	0.0
2188	0.0
2189	0.0
2190	0.0
2191	0.0
2192	0.0
2193	0.0
2194	0.0
2195	0.0
2196	0.0
2197	0.0
2198	0.0
2199	0.0
2200	0.0
2201	0.0
2202	0.0
2203	0.0
2204	0.0
2205	0.0
2206	0.0
2207	0.0
2208	0.0
2209	0.0
2210	0.0
2211	0.0
2212	0.0
2213	0.0
2214	0.0
2215	0.0
2216	0.0
2217	0.0
2218	0.0
2219	0.0
2220	0.0
2221	0.0
2222	0.0
2223	0.0
2224	0.0
2225	0.0
2226	0.0
2227	0.0
2228	0.0
2229	0.0
2230	0.0
2231	0.0
2232	0.0
2233	0.0
2234	0.0
2235	0.0
2236	0.0
2237	0.0
2238	0.0
2239	0.0
2240	0.0
2241	0.0
2242	0.0
2243	0.0
2244	0.0
2245	0.0
2246	0.0
2247	0.0
2248	0.0
2249	0.0
2250	0.0
2251	0.0
2252	0.0
2253	0.0
2254	0.0
2255	0.0
2256	0.0
2257	0.0
2258	0.0
2259	0.0
2260	0.0
2261	0.0
2262	0.0
2263	0.0
2264	0.0
2265	0.0
2266	0.0
2267	0.0
2268	0.0
2269	0.0
2270	0.0
2271	0.0
2272	0.0
2273	0.0
2274	0.0
2275	0.0
2276	0.0
2277	0.0
2278	0.0
2279	0.0
2280	0.0
2281	0.0
2282	0.0
2283	0.0
2284	0.0
2285	0.0
2286	0.0
2287	0.0
2288	0.0
2289	0.0
2290	0.0
2291	0.0
2292	0.0
2293	0.0
2294	0.0
2295	0.0
2296	0.0
2297	0.0
2298	0.0
2299	0.0
2300	0.0
2301	0.0
2302	0.0
2303	0.0
2304	0.0
2305	0.0
2306	0.0
2307	0.0
2308	0.0
2309	0.0
2310	0.0
2311	0.0
2312	0.0
2313	0.0
2314	0.0
2315	0.0
2316	0.0
2317	0.0
2318	0.0
2319	0.0
2320	0.0
2321	0.0
2322	0.0
2323	0.0
2324	0.0
2325	0.0
2326	0.0
2327	0.0
2328	0.0
2329	0.0
2330	0.0
2331	0.0
2332	0.0
2333	0.0
2334	0.0
2335	0.0
2336	0.0
2337	0.0
2338	0.0
2339	0.0
2340	0.0
2341	0.0
2342	0.0
2343	0.0
2344	0.0
2345	0.0
2346	0.0
2347	0.0
2348	0.0
2349	0.0
2350	0.0
2351	0.0
2352	0.0
2353	0.0
2354	0.0
2355	0.0
2356	0.0
2357	0.0
2358	0.0
2359	0.0
2360	0.0
2361	0.0
2362	0.0
2363	0.0
2364	0.0
2365	0.0
2366	0.0
2367	0.0
2368	0.0
2369	0.0
2370	0.0
2371	0.0
2372	0.0
2373	0.0
2374	0.0
2375	0.0
2376	0.0
2377	0.0
2378	0.0
2379	0.0
2380	0.0
2381	0.0
2382	0.0
2383	0.0
2384	0.0
2385	0.0
2386	0.0
2387	0.0
2388	0.0
2389	0.0
2390	0.0
2391	0.0
2392	0.0
2393	0.0
2394	0.0
2395	0.0
2396	0.0
2397	0.0
2398	0.0
2399	0.0
2400	0.0
2401	0.0
2402	0.0
2403	0.0
2404	0.0
2405	1.583249568939209
2406	1.5927281379699707
2407	1.6147931814193726
2408	1.6147931814193726
2409	1.6147931814193726
2410	1.6147931814193726
2411	1.8594948053359983
2412	1.8594948053359983
2413	1.8594948053359983
2414	1.8594948053359983
2415	1.8594948053359983
2416	1.8594948053359983
2417	1.8594948053359983
2418	1.8594948053359983
2419	1.8594948053359983
2420	1.8594948053359983
2421	1.8594948053359983
2422	1.8594948053359983
2423	1.8594948053359983
2424	1.8594948053359983
2425	1.8594948053359983
2426	3.4453272819519043
2427	3.487105369567871
2428	3.487105369567871
2429	3.487105369567871
2430	3.765394449234009
2431	3.787062644958496
2432	3.787062644958496
2433	3.917965650558472
2434	3.93648099899292
2435	3.93648099899292
2436	3.93648099899292
2437	3.93648099899292
2438	3.93648099899292
2439	3.93648099899292
2440	3.93648099899292
2441	3.93648099899292
2442	4.207606315612793
2443	4.2148146629333505
2444	4.2901949882507315
2445	4.382524013519287
2446	4.426040172576903
2447	4.599837779998778
2448	4.694122314453125
2449	4.734375476837158
2450	4.863317012786865
2451	4.932612895965576
2452	4.975488185882568
2453	4.9778313636779785
2454	4.973682403564453
2455	4.934895992279053
2456	4.905068397521973
2457	4.894440650939941
2458	4.88828706741333
2459	4.892727851867676
2460	4.896599769592285
2461	4.901308059692383
2462	4.901308059692383
2463	4.901308059692383
2464	4.901308059692383
2465	4.901308059692383
2466	4.901308059692383
2467	4.901308059692383
2468	4.901308059692383
2469	4.901308059692383
2470	4.901308059692383
2471	4.901308059692383
2472	4.901308059692383
2473	4.901308059692383
2474	4.901308059692383
2475	4.901308059692383
2476	4.901308059692383
2477	4.901308059692383
2478	4.901308059692383
2479	4.901308059692383
2480	4.901308059692383
2481	4.901308059692383
2482	4.901308059692383
2483	4.901308059692383
2484	4.901308059692383
2485	4.901308059692383
2486	4.901308059692383
2487	4.901308059692383
2488	4.901308059692383
2489	4.901308059692383
2490	4.901308059692383
2491	4.901308059692383
2492	4.901308059692383
2493	4.901308059692383
2494	4.901308059692383
2495	4.901308059692383
2496	4.901308059692383
2497	4.901308059692383
2498	4.901308059692383
2499	4.901308059692383
2500	4.901308059692383
2501	4.901308059692383
2502	4.901308059692383
2503	4.901308059692383
2504	4.901308059692383
2505	4.901308059692383
2506	4.901308059692383
2507	4.901308059692383
2508	4.901308059692383
2509	4.901308059692383
2510	4.901308059692383
2511	4.901308059692383
2512	4.901308059692383
2513	4.901308059692383
2514	4.901308059692383
2515	4.901308059692383
2516	4.901308059692383
2517	4.901308059692383
2518	4.901308059692383
2519	4.901308059692383
2520	4.901308059692383
2521	4.901308059692383
2522	4.901308059692383
2523	4.901308059692383
2524	4.901308059692383
2525	4.901308059692383
2526	4.901308059692383
2527	4.901308059692383
2528	4.901308059692383
2529	4.901308059692383
2530	4.901308059692383
2531	4.901308059692383
2532	4.901308059692383
2533	4.901308059692383
2534	4.901308059692383
2535	4.901308059692383
2536	4.901308059692383
2537	4.901308059692383
2538	4.901308059692383
2539	4.901308059692383
2540	4.901308059692383
2541	4.901308059692383
2542	4.901308059692383
2543	4.901308059692383
2544	4.901308059692383
2545	4.901308059692383
2546	4.901308059692383
2547	4.901308059692383
2548	4.901308059692383
2549	4.901308059692383
2550	4.901308059692383
2551	4.901308059692383
2552	4.901308059692383
2553	4.901308059692383
2554	4.901308059692383
2555	4.901308059692383
2556	4.901308059692383
2557	4.901308059692383
2558	4.901308059692383
2559	4.901308059692383
2560	4.901308059692383
2561	4.901308059692383
2562	4.901308059692383
2563	4.901308059692383
2564	4.901308059692383
2565	4.901308059692383
2566	4.901308059692383
2567	4.901308059692383
2568	4.901308059692383
2569	4.901308059692383
2570	4.901308059692383
2571	4.901308059692383
2572	4.901308059692383
2573	4.901308059692383
2574	4.901308059692383
2575	4.901308059692383
2576	4.901308059692383
2577	4.901308059692383
2578	4.901308059692383
2579	4.901308059692383
2580	4.901308059692383
2581	4.901308059692383
2582	4.901308059692383
2583	4.901308059692383
2584	4.901308059692383
2585	4.901308059692383
2586	4.901308059692383
2587	4.901308059692383
2588	4.901308059692383
2589	4.901308059692383
2590	4.901308059692383
2591	4.901308059692383
2592	4.901308059692383
2593	4.901308059692383
2594	4.901308059692383
2595	4.901308059692383
2596	4.901308059692383
2597	4.901308059692383
2598	4.901308059692383
2599	4.901308059692383
2600	4.901308059692383
2601	4.901308059692383
2602	4.901308059692383
2603	4.901308059692383
2604	4.901308059692383
2605	4.901308059692383
2606	4.901308059692383
2607	4.901308059692383
2608	4.901308059692383
2609	4.901308059692383
2610	4.901308059692383
2611	4.901308059692383
2612	4.901308059692383
2613	4.901308059692383
2614	4.901308059692383
2615	4.901308059692383
2616	4.901308059692383
2617	4.901308059692383
2618	4.901308059692383
2619	4.901308059692383
2620	4.901308059692383
2621	4.901308059692383
2622	4.901308059692383
2623	4.901308059692383
2624	4.901308059692383
2625	4.901308059692383
2626	4.901308059692383
2627	4.901308059692383
2628	4.901308059692383
2629	4.901308059692383
2630	4.901308059692383
2631	4.901308059692383
2632	4.8829312324523935
2633	4.8614020347595215
2634	4.815299034118652
2635	4.751859664916992
2636	4.6923179626464835
2637	4.571162223815918
2638	4.522156238555908
2639	4.387596130371094
2640	4.318774700164795
2641	4.160533428192139
2642	4.160533428192139
2643	4.0535335540771475
2644	4.0535335540771475
2645	4.0535335540771475
2646	4.0535335540771475
2647	4.0535335540771475
2648	4.0535335540771475
2649	4.0535335540771475
2650	4.0535335540771475
2651	4.0535335540771475
2652	4.0535335540771475
2653	4.0535335540771475
2654	3.3028748035430913
2655	3.3028748035430913
2656	3.3028748035430913
2657	3.3028748035430913
2658	3.3028748035430913
2659	3.3028748035430913
2660	3.3028748035430913
2661	3.3028748035430913
2662	3.3028748035430913
2663	3.3028748035430913
2664	3.3028748035430913
2665	3.3028748035430913
2666	3.3028748035430913
2667	3.3028748035430913
2668	3.3028748035430913
2669	3.3028748035430913
2670	3.3028748035430913
2671	1.5162755250930786
2672	1.5072391033172607
2673	1.4949369430541992
2674	1.5034780502319336
2675	1.4993839263916016
2676	1.4956165552139282
2677	1.4956165552139282
2678	1.4956165552139282
2679	1.4956165552139282
2680	1.4956165552139282
2681	1.4956165552139282
2682	1.4956165552139282
2683	1.4956165552139282
2684	1.4956165552139282
2685	1.4956165552139282
2686	1.4956165552139282
2687	1.4956165552139282
2688	1.4956165552139282
2689	1.4956165552139282
2690	1.4956165552139282
2691	1.4956165552139282
2692	1.4956165552139282
2693	1.4956165552139282
2694	1.4956165552139282
2695	1.4956165552139282
2696	1.4956165552139282
2697	1.4956165552139282
2698	1.4956165552139282
2699	1.4956165552139282
2700	1.4956165552139282
2701	1.4956165552139282
2702	1.4956165552139282
2703	1.4956165552139282
2704	1.4956165552139282
2705	1.4956165552139282
2706	1.4956165552139282
2707	1.4956165552139282
2708	1.4956165552139282
2709	1.4956165552139282
2710	1.4956165552139282
2711	1.4956165552139282
2712	1.4956165552139282
2713	1.4956165552139282
2714	1.4956165552139282
2715	1.4956165552139282
2716	1.4956165552139282
2717	1.4956165552139282
2718	1.4956165552139282
2719	1.4956165552139282
2720	1.4956165552139282
2721	1.4956165552139282
2722	1.4956165552139282
2723	1.4956165552139282
2724	1.4956165552139282
2725	1.4956165552139282
2726	1.4956165552139282
2727	1.4956165552139282
2728	1.4956165552139282
2729	1.4956165552139282
2730	1.4956165552139282
2731	1.4956165552139282
2732	1.4956165552139282
2733	1.4956165552139282
2734	1.4956165552139282
2735	1.4956165552139282
2736	1.4956165552139282
2737	1.4956165552139282
2738	1.4956165552139282
2739	1.4956165552139282
2740	1.4956165552139282
2741	1.4956165552139282
2742	1.4956165552139282
2743	1.4956165552139282
2744	1.4956165552139282
2745	1.4956165552139282
2746	1.4956165552139282
2747	1.4956165552139282
2748	1.4956165552139282
2749	1.4956165552139282
2750	1.4956165552139282
2751	1.4956165552139282
2752	1.4956165552139282
2753	1.4956165552139282
2754	1.4956165552139282
2755	1.4956165552139282
2756	1.4956165552139282
2757	1.4956165552139282
2758	1.4956165552139282
2759	1.4956165552139282
2760	1.4956165552139282
2761	1.4956165552139282
2762	1.4956165552139282
2763	1.4956165552139282
2764	1.4956165552139282
2765	1.4956165552139282
2766	1.4956165552139282
2767	1.4956165552139282
2768	1.4956165552139282
2769	1.4956165552139282
2770	1.4956165552139282
2771	1.4956165552139282
2772	1.4956165552139282
2773	1.4956165552139282
2774	1.4956165552139282
2775	1.4956165552139282
2776	1.4956165552139282
2777	1.4956165552139282
2778	1.4956165552139282
2779	1.4956165552139282
2780	1.4956165552139282
2781	1.4956165552139282
2782	1.4956165552139282
2783	1.4956165552139282
2784	1.4956165552139282
2785	1.4956165552139282
2786	1.4956165552139282
2787	1.4956165552139282
2788	1.4956165552139282
2789	1.4956165552139282
2790	1.4956165552139282
2791	1.4956165552139282
2792	1.4956165552139282
2793	1.4956165552139282
2794	1.4956165552139282
2795	1.4956165552139282
2796	1.4956165552139282
2797	1.4956165552139282
2798	1.4956165552139282
2799	1.4956165552139282
2800	1.4956165552139282
2801	1.4956165552139282
2802	1.4956165552139282
2803	1.4956165552139282
2804	1.4956165552139282
2805	1.4956165552139282
2806	1.4956165552139282
2807	1.4956165552139282
2808	1.4956165552139282
2809	1.4956165552139282
2810	1.4956165552139282
2811	1.4956165552139282
2812	1.4956165552139282
2813	1.4956165552139282
2814	1.4956165552139282
2815	1.4956165552139282
2816	1.4956165552139282
2817	1.4956165552139282
2818	1.4956165552139282
2819	1.4956165552139282
2820	1.4956165552139282
2821	1.4956165552139282
2822	1.4956165552139282
2823	1.4956165552139282
2824	1.4956165552139282
2825	1.4956165552139282
2826	1.4956165552139282
2827	1.4956165552139282
2828	1.4956165552139282
2829	1.4956165552139282
2830	1.4956165552139282
2831	1.4956165552139282
2832	1.4956165552139282
2833	1.4956165552139282
2834	1.4956165552139282
2835	1.4956165552139282
2836	1.4956165552139282
2837	1.4956165552139282
2838	1.4956165552139282
2839	1.4956165552139282
2840	1.4956165552139282
2841	1.4956165552139282
2842	1.4956165552139282
2843	1.4956165552139282
2844	1.4956165552139282
2845	1.4956165552139282
2846	1.4956165552139282
2847	1.4956165552139282
2848	1.4956165552139282
2849	1.4956165552139282
2850	1.4956165552139282
2851	1.4956165552139282
2852	1.4956165552139282
2853	1.4956165552139282
2854	1.4956165552139282
2855	1.4956165552139282
2856	1.4956165552139282
2857	1.4956165552139282
2858	1.4956165552139282
2859	1.4956165552139282
2860	1.4956165552139282
2861	1.4956165552139282
2862	1.4956165552139282
2863	1.4956165552139282
2864	1.4956165552139282
2865	1.4956165552139282
2866	1.4956165552139282
2867	1.4956165552139282
2868	1.4956165552139282
2869	1.4956165552139282
2870	1.4956165552139282
2871	1.4956165552139282
2872	1.4956165552139282
2873	1.4956165552139282
2874	1.4956165552139282
2875	1.4956165552139282
2876	1.4956165552139282
2877	1.4956165552139282
2878	1.4956165552139282
2879	1.4956165552139282
2880	1.4956165552139282
2881	1.4956165552139282
2882	1.4956165552139282
2883	1.4956165552139282
2884	1.4956165552139282
2885	1.4956165552139282
2886	1.4956165552139282
2887	1.4956165552139282
2888	1.4956165552139282
2889	1.4956165552139282
2890	1.4956165552139282
2891	1.4956165552139282
2892	1.4956165552139282
2893	1.4956165552139282
2894	1.4956165552139282
2895	1.4956165552139282
2896	1.4956165552139282
2897	1.4956165552139282
2898	1.4956165552139282
2899	1.4956165552139282
2900	1.4956165552139282
2901	1.4956165552139282
2902	1.4956165552139282
2903	1.4956165552139282
2904	1.4956165552139282
2905	1.4956165552139282
2906	1.4956165552139282
2907	1.4956165552139282
2908	1.4956165552139282
2909	1.4956165552139282
2910	1.4956165552139282
2911	1.4956165552139282
2912	1.4956165552139282
2913	1.4956165552139282
2914	1.4956165552139282
2915	1.4956165552139282
2916	1.4956165552139282
2917	1.4956165552139282
2918	1.4956165552139282
2919	1.4956165552139282
2920	1.4956165552139282
2921	1.4956165552139282
2922	1.4956165552139282
2923	1.4956165552139282
2924	1.4956165552139282
2925	1.4956165552139282
2926	1.4956165552139282
2927	1.4956165552139282
2928	1.6694096326828003
2929	1.6633726358413696
2930	1.6633726358413696
2931	1.6633726358413696
2932	1.6633726358413696
2933	1.6633726358413696
2934	1.6633726358413696
2935	2.066420316696167
2936	2.066420316696167
2937	2.066420316696167
2938	2.066420316696167
2939	2.066420316696167
2940	2.066420316696167
2941	2.066420316696167
2942	2.6508476734161377
2943	2.6508476734161377
2944	2.6508476734161377
2945	2.855943441390991
2946	2.855943441390991
2947	2.855943441390991
2948	3.0338726043701167
2949	3.0664758682250977
2950	3.110692977905273
2951	3.1531295776367188
2952	3.1604537963867188
2953	3.153861284255981
2954	3.146211862564087
2955	3.1415956020355225
2956	3.136518716812134
2957	3.1595160961151123
2958	3.2087697982788086
2959	3.183866262435913
2960	3.1132929325103764
2961	3.0922751426696777
2962	3.1077895164489746
2963	3.134154319763184
2964	3.138590812683105
2965	3.1188931465148926
2966	3.116156578063965
2967	3.0979177951812744
2968	3.096156358718872
2969	3.096156358718872
2970	3.1475925445556636
2971	3.1631782054901123
2972	3.1631782054901123
2973	3.1667356491088867
2974	3.1667356491088867
2975	3.1667356491088867
2976	3.1667356491088867
2977	3.1667356491088867
2978	3.122321605682373
2979	3.1071536540985107
2980	3.0958166122436523
2981	3.0958166122436523
2982	3.0958166122436523
2983	3.0958166122436523
2984	3.0958166122436523
2985	3.0958166122436523
2986	3.0958166122436523
2987	3.0958166122436523
2988	3.0958166122436523
2989	3.0958166122436523
2990	3.0958166122436523
2991	3.0958166122436523
2992	3.0958166122436523
2993	3.0958166122436523
2994	3.0958166122436523
2995	3.0958166122436523
2996	3.0958166122436523
2997	3.0958166122436523
2998	3.0958166122436523
2999	3.0958166122436523
3000	3.0958166122436523
3001	3.0958166122436523
3002	3.0958166122436523
3003	3.0958166122436523
3004	3.0958166122436523
3005	3.0958166122436523
3006	3.0958166122436523
3007	3.0958166122436523
3008	3.0958166122436523
3009	3.0958166122436523
3010	3.0958166122436523
3011	3.0958166122436523
3012	3.0958166122436523
3013	3.0958166122436523
3014	3.0958166122436523
3015	3.0958166122436523
3016	3.0958166122436523
3017	3.0958166122436523
3018	3.0958166122436523
3019	3.0958166122436523
3020	3.0958166122436523
3021	3.0958166122436523
3022	3.0958166122436523
3023	3.0958166122436523
3024	3.0958166122436523
3025	3.0958166122436523
3026	3.0958166122436523
3027	3.0958166122436523
3028	3.0958166122436523
3029	3.0958166122436523
3030	3.0958166122436523
3031	3.0958166122436523
3032	3.0958166122436523
3033	3.0958166122436523
3034	3.0958166122436523
3035	3.0958166122436523
3036	3.0958166122436523
3037	3.0958166122436523
3038	3.0958166122436523
3039	3.0958166122436523
3040	3.0958166122436523
3041	3.0958166122436523
3042	3.0958166122436523
3043	3.0958166122436523
3044	3.0958166122436523
3045	3.0958166122436523
3046	3.0958166122436523
3047	3.0958166122436523
3048	3.0958166122436523
3049	3.0958166122436523
3050	3.0958166122436523
3051	3.0958166122436523
3052	3.0958166122436523
3053	3.0958166122436523
3054	3.0958166122436523
3055	3.0958166122436523
3056	3.0958166122436523
3057	3.0958166122436523
3058	3.0958166122436523
3059	3.0958166122436523
3060	3.0958166122436523
3061	3.0958166122436523
3062	3.0958166122436523
3063	3.0958166122436523
3064	3.0958166122436523
3065	3.0958166122436523
3066	3.1176936626434326
3067	3.11822509765625
3068	3.128579378128052
3069	3.137629508972168
3070	3.1629080772399902
3071	3.166374921798706
3072	3.1899993419647217
3073	3.1578590869903564
3074	3.1578590869903564
3075	3.1578590869903564
3076	3.1578590869903564
3077	3.1578590869903564
3078	3.245061159133911
3079	3.245061159133911
3080	3.2490634918212886
3081	3.2296087741851807
3082	3.2768335342407227
3083	3.3377606868743896
3084	3.350983142852783
3085	3.350983142852783
3086	3.4526655673980717
3087	3.484415292739868
3088	3.545695304870605
3089	3.545695304870605
3090	3.724879026412964
3091	3.751964092254639
3092	3.769119262695313
3093	3.8517055511474614
3094	3.885660409927368
3095	3.899033546447754
3096	3.907456874847412
3097	3.907456874847412
3098	3.907456874847412
3099	3.907456874847412
3100	3.907456874847412
3101	3.907456874847412
3102	3.907456874847412
3103	3.907456874847412
3104	3.907456874847412
3105	4.2166223526000985
3106	4.229501247406007
3107	4.263230800628662
3108	4.290463924407959
3109	4.3440189361572275
3110	4.3803462982177725
3111	4.534842491149902
3112	4.6423912048339835
3113	4.732235908508301
3114	4.8014750480651855
3115	4.876081466674805
3116	4.914341449737549
3117	4.978370189666748
3118	4.990603446960449
3119	4.9877142906188965
3120	4.975545406341553
3121	4.939081192016602
3122	4.936596870422363
3123	4.90435791015625
3124	4.904429912567139
3125	4.901287078857422
3126	4.906760692596436
3127	4.915714740753174
3128	4.915714740753174
3129	4.955697536468506
3130	4.955697536468506
3131	4.955697536468506
3132	4.955697536468506
3133	4.955697536468506
3134	4.955697536468506
3135	4.955697536468506
3136	4.955697536468506
3137	4.955697536468506
3138	4.955697536468506
3139	4.955697536468506
3140	4.955697536468506
3141	4.955697536468506
3142	4.955697536468506
3143	4.955697536468506
3144	4.955697536468506
3145	4.955697536468506
3146	4.955697536468506
3147	4.955697536468506
3148	4.955697536468506
3149	4.955697536468506
3150	4.955697536468506
3151	4.955697536468506
3152	4.955697536468506
3153	4.955697536468506
3154	4.955697536468506
3155	4.955697536468506
3156	4.955697536468506
3157	4.955697536468506
3158	4.955697536468506
3159	4.955697536468506
3160	4.955697536468506
3161	4.955697536468506
3162	4.955697536468506
3163	4.955697536468506
3164	4.955697536468506
3165	4.955697536468506
3166	4.955697536468506
3167	4.955697536468506
3168	4.955697536468506
3169	4.955697536468506
3170	4.955697536468506
3171	4.955697536468506
3172	4.955697536468506
3173	4.955697536468506
3174	4.955697536468506
3175	4.955697536468506
3176	4.955697536468506
3177	4.955697536468506
3178	4.955697536468506
3179	4.955697536468506
3180	4.955697536468506
3181	4.955697536468506
3182	4.955697536468506
3183	4.955697536468506
3184	4.955697536468506
3185	4.955697536468506
3186	4.955697536468506
3187	4.955697536468506
3188	4.955697536468506
3189	4.955697536468506
3190	4.955697536468506
3191	4.955697536468506
3192	4.955697536468506
3193	4.955697536468506
3194	4.955697536468506
3195	4.955697536468506
3196	4.955697536468506
3197	4.955697536468506
3198	4.955697536468506
3199	4.955697536468506
3200	4.955697536468506
3201	4.955697536468506
3202	4.955697536468506
3203	4.955697536468506
3204	4.955697536468506
3205	4.955697536468506
3206	4.955697536468506
3207	4.955697536468506
3208	4.955697536468506
3209	4.955697536468506
3210	4.955697536468506
3211	4.955697536468506
3212	4.955697536468506
3213	4.955697536468506
3214	4.955697536468506
3215	4.955697536468506
3216	4.955697536468506
3217	4.955697536468506
3218	4.955697536468506
3219	4.955697536468506
3220	4.955697536468506
3221	4.955697536468506
3222	4.955697536468506
3223	4.955697536468506
3224	4.955697536468506
3225	4.955697536468506
3226	4.955697536468506
3227	4.955697536468506
3228	4.955697536468506
3229	4.955697536468506
3230	4.955697536468506
3231	4.955697536468506
3232	4.955697536468506
3233	4.955697536468506
3234	4.955697536468506
3235	4.955697536468506
3236	4.955697536468506
3237	4.955697536468506
3238	4.955697536468506
3239	4.955697536468506
3240	4.955697536468506
3241	4.955697536468506
3242	4.955697536468506
3243	4.955697536468506
3244	4.955697536468506
3245	4.955697536468506
3246	4.955697536468506
3247	4.955697536468506
3248	4.955697536468506
3249	4.955697536468506
3250	4.955697536468506
3251	4.955697536468506
3252	4.955697536468506
3253	4.955697536468506
3254	4.955697536468506
3255	4.955697536468506
3256	4.955697536468506
3257	4.955697536468506
3258	4.955697536468506
3259	4.955697536468506
3260	4.955697536468506
3261	4.955697536468506
3262	4.955697536468506
3263	4.955697536468506
3264	4.955697536468506
3265	4.955697536468506
3266	4.955697536468506
3267	4.955697536468506
3268	4.955697536468506
3269	4.805739879608153
3270	4.737546920776367
3271	4.737546920776367
3272	4.5346999168396
3273	4.423741817474365
3274	4.331667423248291
3275	4.275045394897462
3276	4.230564594268799
3277	4.173699855804443
3278	4.173699855804443
3279	4.157410144805908
3280	4.157410144805908
3281	4.157410144805908
3282	4.157410144805908
3283	4.157410144805908
3284	4.157410144805908
3285	4.157410144805908
3286	4.157410144805908
3287	4.157410144805908
3288	4.157410144805908
3289	4.157410144805908
3290	4.157410144805908
3291	4.157410144805908
3292	4.157410144805908
3293	4.157410144805908
3294	4.157410144805908
3295	4.157410144805908
3296	4.157410144805908
3297	4.157410144805908
3298	4.157410144805908
3299	4.157410144805908
3300	4.157410144805908
3301	4.157410144805908
3302	4.157410144805908
3303	4.157410144805908
3304	4.157410144805908
3305	4.157410144805908
3306	4.157410144805908
3307	4.157410144805908
3308	4.157410144805908
3309	4.157410144805908
3310	1.5680497884750366
3311	1.5579891204833984
3312	1.554516077041626
3313	1.5870665311813354
3314	1.6064900159835815
3315	1.6202660799026491
3316	1.6388434171676636
3317	1.6388434171676636
3318	1.6388434171676636
3319	1.6388434171676636
3320	1.6388434171676636
3321	1.6388434171676636
3322	1.6388434171676636
3323	1.6388434171676636
3324	1.6388434171676636
3325	1.6388434171676636
3326	1.6388434171676636
3327	1.6388434171676636
3328	1.6388434171676636
3329	1.6388434171676636
3330	1.6388434171676636
3331	1.6388434171676636
3332	1.6388434171676636
3333	1.6388434171676636
3334	1.6388434171676636
3335	1.6388434171676636
3336	1.6388434171676636
3337	1.6388434171676636
3338	1.6388434171676636
3339	1.6388434171676636
3340	1.6388434171676636
3341	1.6388434171676636
3342	1.6388434171676636
3343	1.6388434171676636
3344	1.6388434171676636
3345	1.6388434171676636
3346	1.6388434171676636
3347	1.6388434171676636
3348	1.6388434171676636
3349	1.6388434171676636
3350	1.6388434171676636
3351	1.6388434171676636
3352	1.6388434171676636
3353	1.6388434171676636
3354	1.6388434171676636
3355	1.6388434171676636
3356	1.6388434171676636
3357	1.6388434171676636
3358	1.6388434171676636
3359	1.6388434171676636
3360	1.6388434171676636
3361	1.6388434171676636
3362	1.6388434171676636
3363	1.6388434171676636
3364	1.6388434171676636
3365	1.6388434171676636
3366	1.6388434171676636
3367	1.6388434171676636
3368	1.6388434171676636
3369	1.6388434171676636
3370	1.6388434171676636
3371	1.6388434171676636
3372	1.6388434171676636
3373	1.6388434171676636
3374	1.6388434171676636
3375	1.6388434171676636
3376	1.6388434171676636
3377	1.6388434171676636
3378	1.6388434171676636
3379	1.6388434171676636
3380	1.6388434171676636
3381	1.6388434171676636
3382	1.6388434171676636
3383	1.6388434171676636
3384	1.6388434171676636
3385	1.6388434171676636
3386	1.6388434171676636
3387	1.6388434171676636
3388	1.6388434171676636
3389	1.6388434171676636
3390	1.6388434171676636
3391	1.6388434171676636
3392	1.6388434171676636
3393	1.6388434171676636
3394	1.6388434171676636
3395	1.6388434171676636
3396	1.6388434171676636
3397	1.6388434171676636
3398	1.6388434171676636
3399	1.6388434171676636
3400	1.6388434171676636
3401	1.6388434171676636
3402	1.6388434171676636
